{
 "cells": [
  {
   "cell_type": "markdown",
   "metadata": {},
   "source": [
    "# Hausarbeit - Reporting und Visualisierung\n",
    "### Einflussfaktoren auf die Schulleistungen im Rahmen der Oberschule\n",
    "#### MADS 2023oB"
   ]
  },
  {
   "cell_type": "markdown",
   "metadata": {},
   "source": [
    "## Environment setup"
   ]
  },
  {
   "cell_type": "code",
   "execution_count": 1,
   "metadata": {},
   "outputs": [],
   "source": [
    "%%capture\n",
    "# !pip install numpy pandas plotly\n",
    "# or\n",
    "# !. venv/bin/activate"
   ]
  },
  {
   "cell_type": "code",
   "execution_count": 2,
   "metadata": {},
   "outputs": [],
   "source": [
    "import numpy as np\n",
    "import pandas as pd\n",
    "import plotly.express as px\n",
    "import plotly.graph_objects as go\n",
    "from plotly.subplots import make_subplots"
   ]
  },
  {
   "cell_type": "markdown",
   "metadata": {},
   "source": [
    "## Data transformations"
   ]
  },
  {
   "cell_type": "markdown",
   "metadata": {},
   "source": [
    "### Data description"
   ]
  },
  {
   "cell_type": "markdown",
   "metadata": {},
   "source": [
    "**Attributes for both student-mat.csv (Math course) and student-por.csv (Portuguese language course) datasets:**\n",
    "\n",
    "1 school - student's school (binary: 'GP' - Gabriel Pereira or 'MS' - Mousinho da Silveira)\n",
    "\n",
    "2 sex - student's sex (binary: 'F' - female or 'M' - male)\n",
    "\n",
    "3 age - student's age (numeric: from 15 to 22)\n",
    "\n",
    "4 address - student's home address type (binary: 'U' - urban or 'R' - rural)\n",
    "\n",
    "5 famsize - family size (binary: 'LE3' - less or equal to 3 or 'GT3' - greater than 3)\n",
    "\n",
    "6 Pstatus - parent's cohabitation status (binary: 'T' - living together or 'A' - apart)\n",
    "\n",
    "7 Medu - mother's education (numeric: 0 - none,  1 - primary education (4th grade), 2 – 5th to 9th grade, 3 – \n",
    "secondary education or 4 – higher education)\n",
    "\n",
    "8 Fedu - father's education (numeric: 0 - none,  1 - primary education (4th grade), 2 – 5th to 9th grade, 3 – \n",
    "secondary education or 4 – higher education)\n",
    "\n",
    "9 Mjob - mother's job (nominal: 'teacher', 'health' care related, civil 'services' (e.g. administrative or \n",
    "police), 'at_home' or 'other')\n",
    "\n",
    "10 Fjob - father's job (nominal: 'teacher', 'health' care related, civil 'services' (e.g. administrative or \n",
    "police), 'at_home' or 'other')\n",
    "\n",
    "11 reason - reason to choose this school (nominal: close to 'home', school 'reputation', 'course' preference or \n",
    "'other')\n",
    "\n",
    "12 guardian - student's guardian (nominal: 'mother', 'father' or 'other')\n",
    "\n",
    "13 traveltime - home to school travel time (numeric: 1 - <15 min., 2 - 15 to 30 min., 3 - 30 min. to 1 hour, or \n",
    "4 - >1 hour)\n",
    "\n",
    "14 studytime - weekly study time (numeric: 1 - <2 hours, 2 - 2 to 5 hours, 3 - 5 to 10 hours, or 4 - >10 hours)\n",
    "\n",
    "15 failures - number of past class failures (numeric: n if 1<=n<3, else 4)\n",
    "\n",
    "16 schoolsup - extra educational support (binary: yes or no)\n",
    "\n",
    "17 famsup - family educational support (binary: yes or no)\n",
    "\n",
    "18 paid - extra paid classes within the course subject (Math or Portuguese) (binary: yes or no)\n",
    "\n",
    "19 activities - extra-curricular activities (binary: yes or no)\n",
    "\n",
    "20 nursery - attended nursery school (binary: yes or no)\n",
    "\n",
    "21 higher - wants to take higher education (binary: yes or no)\n",
    "\n",
    "22 internet - Internet access at home (binary: yes or no)\n",
    "\n",
    "23 romantic - with a romantic relationship (binary: yes or no)\n",
    "\n",
    "24 famrel - quality of family relationships (numeric: from 1 - very bad to 5 - excellent)\n",
    "\n",
    "25 freetime - free time after school (numeric: from 1 - very low to 5 - very high)\n",
    "\n",
    "26 goout - going out with friends (numeric: from 1 - very low to 5 - very high)\n",
    "\n",
    "27 Dalc - workday alcohol consumption (numeric: from 1 - very low to 5 - very high)\n",
    "\n",
    "28 Walc - weekend alcohol consumption (numeric: from 1 - very low to 5 - very high)\n",
    "\n",
    "29 health - current health status (numeric: from 1 - very bad to 5 - very good)\n",
    "\n",
    "30 absences - number of school absences (numeric: from 0 to 93)\n",
    "\n",
    "**these grades are related with the course subject, Math or Portuguese:**\n",
    "\n",
    "31 G1 - first period grade (numeric: from 0 to 20)\n",
    "\n",
    "31 G2 - second period grade (numeric: from 0 to 20)\n",
    "\n",
    "32 G3 - final grade (numeric: from 0 to 20, output target)\n",
    "\n",
    "Additional note: there are several (382) students that belong to both datasets . \n",
    "These students can be identified by searching for identical attributes\n",
    "that characterize each student, as shown in the annexed R file."
   ]
  },
  {
   "cell_type": "markdown",
   "metadata": {},
   "source": [
    "### Data loading and examination\n"
   ]
  },
  {
   "cell_type": "code",
   "execution_count": 3,
   "metadata": {},
   "outputs": [
    {
     "data": {
      "text/html": [
       "<div>\n",
       "<style scoped>\n",
       "    .dataframe tbody tr th:only-of-type {\n",
       "        vertical-align: middle;\n",
       "    }\n",
       "\n",
       "    .dataframe tbody tr th {\n",
       "        vertical-align: top;\n",
       "    }\n",
       "\n",
       "    .dataframe thead th {\n",
       "        text-align: right;\n",
       "    }\n",
       "</style>\n",
       "<table border=\"1\" class=\"dataframe\">\n",
       "  <thead>\n",
       "    <tr style=\"text-align: right;\">\n",
       "      <th></th>\n",
       "      <th>table name</th>\n",
       "      <th>table size</th>\n",
       "      <th>number of columns</th>\n",
       "      <th>average missing values per column</th>\n",
       "    </tr>\n",
       "  </thead>\n",
       "  <tbody>\n",
       "    <tr>\n",
       "      <th>0</th>\n",
       "      <td>mat_df</td>\n",
       "      <td>395</td>\n",
       "      <td>33</td>\n",
       "      <td>0.0</td>\n",
       "    </tr>\n",
       "    <tr>\n",
       "      <th>1</th>\n",
       "      <td>por_df</td>\n",
       "      <td>649</td>\n",
       "      <td>33</td>\n",
       "      <td>0.0</td>\n",
       "    </tr>\n",
       "  </tbody>\n",
       "</table>\n",
       "</div>"
      ],
      "text/plain": [
       "  table name  table size  number of columns  average missing values per column\n",
       "0     mat_df         395                 33                                0.0\n",
       "1     por_df         649                 33                                0.0"
      ]
     },
     "execution_count": 3,
     "metadata": {},
     "output_type": "execute_result"
    }
   ],
   "source": [
    "mat_df = pd.read_csv('data/student-mat.csv', sep=';')\n",
    "por_df = pd.read_csv('data/student-por.csv', sep=';')\n",
    "\n",
    "info_df = pd.DataFrame([['mat_df', len(mat_df), len(mat_df.columns), np.mean(mat_df.isnull().sum())],\n",
    "                        ['por_df', len(por_df), len(por_df.columns), np.mean(por_df.isnull().sum())]], \n",
    "                        columns=['table name', 'table size', 'number of columns', 'average missing values per column'])\n",
    "info_df"
   ]
  },
  {
   "cell_type": "code",
   "execution_count": 4,
   "metadata": {},
   "outputs": [
    {
     "name": "stdout",
     "output_type": "stream",
     "text": [
      "mat_df columns: \n",
      "\n",
      " Index(['school', 'sex', 'age', 'address', 'famsize', 'Pstatus', 'Medu', 'Fedu',\n",
      "       'Mjob', 'Fjob', 'reason', 'guardian', 'traveltime', 'studytime',\n",
      "       'failures', 'schoolsup', 'famsup', 'paid', 'activities', 'nursery',\n",
      "       'higher', 'internet', 'romantic', 'famrel', 'freetime', 'goout', 'Dalc',\n",
      "       'Walc', 'health', 'absences', 'G1', 'G2', 'G3'],\n",
      "      dtype='object') \n",
      "\n",
      "por_df columns: \n",
      "\n",
      " Index(['school', 'sex', 'age', 'address', 'famsize', 'Pstatus', 'Medu', 'Fedu',\n",
      "       'Mjob', 'Fjob', 'reason', 'guardian', 'traveltime', 'studytime',\n",
      "       'failures', 'schoolsup', 'famsup', 'paid', 'activities', 'nursery',\n",
      "       'higher', 'internet', 'romantic', 'famrel', 'freetime', 'goout', 'Dalc',\n",
      "       'Walc', 'health', 'absences', 'G1', 'G2', 'G3'],\n",
      "      dtype='object') \n",
      "\n"
     ]
    }
   ],
   "source": [
    "print(f'mat_df columns: \\n\\n {mat_df.columns} \\n')\n",
    "print(f'por_df columns: \\n\\n {por_df.columns} \\n')"
   ]
  },
  {
   "cell_type": "code",
   "execution_count": 5,
   "metadata": {},
   "outputs": [
    {
     "data": {
      "text/html": [
       "<div>\n",
       "<style scoped>\n",
       "    .dataframe tbody tr th:only-of-type {\n",
       "        vertical-align: middle;\n",
       "    }\n",
       "\n",
       "    .dataframe tbody tr th {\n",
       "        vertical-align: top;\n",
       "    }\n",
       "\n",
       "    .dataframe thead th {\n",
       "        text-align: right;\n",
       "    }\n",
       "</style>\n",
       "<table border=\"1\" class=\"dataframe\">\n",
       "  <thead>\n",
       "    <tr style=\"text-align: right;\">\n",
       "      <th></th>\n",
       "      <th>school</th>\n",
       "      <th>sex</th>\n",
       "      <th>age</th>\n",
       "      <th>address</th>\n",
       "      <th>famsize</th>\n",
       "      <th>Pstatus</th>\n",
       "      <th>Medu</th>\n",
       "      <th>Fedu</th>\n",
       "      <th>Mjob</th>\n",
       "      <th>Fjob</th>\n",
       "      <th>...</th>\n",
       "      <th>famrel</th>\n",
       "      <th>freetime</th>\n",
       "      <th>goout</th>\n",
       "      <th>Dalc</th>\n",
       "      <th>Walc</th>\n",
       "      <th>health</th>\n",
       "      <th>absences</th>\n",
       "      <th>G1</th>\n",
       "      <th>G2</th>\n",
       "      <th>G3</th>\n",
       "    </tr>\n",
       "  </thead>\n",
       "  <tbody>\n",
       "    <tr>\n",
       "      <th>0</th>\n",
       "      <td>GP</td>\n",
       "      <td>F</td>\n",
       "      <td>18</td>\n",
       "      <td>U</td>\n",
       "      <td>GT3</td>\n",
       "      <td>A</td>\n",
       "      <td>4</td>\n",
       "      <td>4</td>\n",
       "      <td>at_home</td>\n",
       "      <td>teacher</td>\n",
       "      <td>...</td>\n",
       "      <td>4</td>\n",
       "      <td>3</td>\n",
       "      <td>4</td>\n",
       "      <td>1</td>\n",
       "      <td>1</td>\n",
       "      <td>3</td>\n",
       "      <td>6</td>\n",
       "      <td>5</td>\n",
       "      <td>6</td>\n",
       "      <td>6</td>\n",
       "    </tr>\n",
       "    <tr>\n",
       "      <th>1</th>\n",
       "      <td>GP</td>\n",
       "      <td>F</td>\n",
       "      <td>17</td>\n",
       "      <td>U</td>\n",
       "      <td>GT3</td>\n",
       "      <td>T</td>\n",
       "      <td>1</td>\n",
       "      <td>1</td>\n",
       "      <td>at_home</td>\n",
       "      <td>other</td>\n",
       "      <td>...</td>\n",
       "      <td>5</td>\n",
       "      <td>3</td>\n",
       "      <td>3</td>\n",
       "      <td>1</td>\n",
       "      <td>1</td>\n",
       "      <td>3</td>\n",
       "      <td>4</td>\n",
       "      <td>5</td>\n",
       "      <td>5</td>\n",
       "      <td>6</td>\n",
       "    </tr>\n",
       "    <tr>\n",
       "      <th>2</th>\n",
       "      <td>GP</td>\n",
       "      <td>F</td>\n",
       "      <td>15</td>\n",
       "      <td>U</td>\n",
       "      <td>LE3</td>\n",
       "      <td>T</td>\n",
       "      <td>1</td>\n",
       "      <td>1</td>\n",
       "      <td>at_home</td>\n",
       "      <td>other</td>\n",
       "      <td>...</td>\n",
       "      <td>4</td>\n",
       "      <td>3</td>\n",
       "      <td>2</td>\n",
       "      <td>2</td>\n",
       "      <td>3</td>\n",
       "      <td>3</td>\n",
       "      <td>10</td>\n",
       "      <td>7</td>\n",
       "      <td>8</td>\n",
       "      <td>10</td>\n",
       "    </tr>\n",
       "    <tr>\n",
       "      <th>3</th>\n",
       "      <td>GP</td>\n",
       "      <td>F</td>\n",
       "      <td>15</td>\n",
       "      <td>U</td>\n",
       "      <td>GT3</td>\n",
       "      <td>T</td>\n",
       "      <td>4</td>\n",
       "      <td>2</td>\n",
       "      <td>health</td>\n",
       "      <td>services</td>\n",
       "      <td>...</td>\n",
       "      <td>3</td>\n",
       "      <td>2</td>\n",
       "      <td>2</td>\n",
       "      <td>1</td>\n",
       "      <td>1</td>\n",
       "      <td>5</td>\n",
       "      <td>2</td>\n",
       "      <td>15</td>\n",
       "      <td>14</td>\n",
       "      <td>15</td>\n",
       "    </tr>\n",
       "    <tr>\n",
       "      <th>4</th>\n",
       "      <td>GP</td>\n",
       "      <td>F</td>\n",
       "      <td>16</td>\n",
       "      <td>U</td>\n",
       "      <td>GT3</td>\n",
       "      <td>T</td>\n",
       "      <td>3</td>\n",
       "      <td>3</td>\n",
       "      <td>other</td>\n",
       "      <td>other</td>\n",
       "      <td>...</td>\n",
       "      <td>4</td>\n",
       "      <td>3</td>\n",
       "      <td>2</td>\n",
       "      <td>1</td>\n",
       "      <td>2</td>\n",
       "      <td>5</td>\n",
       "      <td>4</td>\n",
       "      <td>6</td>\n",
       "      <td>10</td>\n",
       "      <td>10</td>\n",
       "    </tr>\n",
       "  </tbody>\n",
       "</table>\n",
       "<p>5 rows × 33 columns</p>\n",
       "</div>"
      ],
      "text/plain": [
       "  school sex  age address famsize Pstatus  Medu  Fedu     Mjob      Fjob  ...  \\\n",
       "0     GP   F   18       U     GT3       A     4     4  at_home   teacher  ...   \n",
       "1     GP   F   17       U     GT3       T     1     1  at_home     other  ...   \n",
       "2     GP   F   15       U     LE3       T     1     1  at_home     other  ...   \n",
       "3     GP   F   15       U     GT3       T     4     2   health  services  ...   \n",
       "4     GP   F   16       U     GT3       T     3     3    other     other  ...   \n",
       "\n",
       "  famrel freetime  goout  Dalc  Walc health absences  G1  G2  G3  \n",
       "0      4        3      4     1     1      3        6   5   6   6  \n",
       "1      5        3      3     1     1      3        4   5   5   6  \n",
       "2      4        3      2     2     3      3       10   7   8  10  \n",
       "3      3        2      2     1     1      5        2  15  14  15  \n",
       "4      4        3      2     1     2      5        4   6  10  10  \n",
       "\n",
       "[5 rows x 33 columns]"
      ]
     },
     "execution_count": 5,
     "metadata": {},
     "output_type": "execute_result"
    }
   ],
   "source": [
    "mat_df.head()"
   ]
  },
  {
   "cell_type": "code",
   "execution_count": 6,
   "metadata": {},
   "outputs": [
    {
     "data": {
      "text/html": [
       "<div>\n",
       "<style scoped>\n",
       "    .dataframe tbody tr th:only-of-type {\n",
       "        vertical-align: middle;\n",
       "    }\n",
       "\n",
       "    .dataframe tbody tr th {\n",
       "        vertical-align: top;\n",
       "    }\n",
       "\n",
       "    .dataframe thead th {\n",
       "        text-align: right;\n",
       "    }\n",
       "</style>\n",
       "<table border=\"1\" class=\"dataframe\">\n",
       "  <thead>\n",
       "    <tr style=\"text-align: right;\">\n",
       "      <th></th>\n",
       "      <th>school</th>\n",
       "      <th>sex</th>\n",
       "      <th>age</th>\n",
       "      <th>address</th>\n",
       "      <th>famsize</th>\n",
       "      <th>Pstatus</th>\n",
       "      <th>Medu</th>\n",
       "      <th>Fedu</th>\n",
       "      <th>Mjob</th>\n",
       "      <th>Fjob</th>\n",
       "      <th>...</th>\n",
       "      <th>famrel</th>\n",
       "      <th>freetime</th>\n",
       "      <th>goout</th>\n",
       "      <th>Dalc</th>\n",
       "      <th>Walc</th>\n",
       "      <th>health</th>\n",
       "      <th>absences</th>\n",
       "      <th>G1</th>\n",
       "      <th>G2</th>\n",
       "      <th>G3</th>\n",
       "    </tr>\n",
       "  </thead>\n",
       "  <tbody>\n",
       "    <tr>\n",
       "      <th>0</th>\n",
       "      <td>GP</td>\n",
       "      <td>F</td>\n",
       "      <td>18</td>\n",
       "      <td>U</td>\n",
       "      <td>GT3</td>\n",
       "      <td>A</td>\n",
       "      <td>4</td>\n",
       "      <td>4</td>\n",
       "      <td>at_home</td>\n",
       "      <td>teacher</td>\n",
       "      <td>...</td>\n",
       "      <td>4</td>\n",
       "      <td>3</td>\n",
       "      <td>4</td>\n",
       "      <td>1</td>\n",
       "      <td>1</td>\n",
       "      <td>3</td>\n",
       "      <td>4</td>\n",
       "      <td>0</td>\n",
       "      <td>11</td>\n",
       "      <td>11</td>\n",
       "    </tr>\n",
       "    <tr>\n",
       "      <th>1</th>\n",
       "      <td>GP</td>\n",
       "      <td>F</td>\n",
       "      <td>17</td>\n",
       "      <td>U</td>\n",
       "      <td>GT3</td>\n",
       "      <td>T</td>\n",
       "      <td>1</td>\n",
       "      <td>1</td>\n",
       "      <td>at_home</td>\n",
       "      <td>other</td>\n",
       "      <td>...</td>\n",
       "      <td>5</td>\n",
       "      <td>3</td>\n",
       "      <td>3</td>\n",
       "      <td>1</td>\n",
       "      <td>1</td>\n",
       "      <td>3</td>\n",
       "      <td>2</td>\n",
       "      <td>9</td>\n",
       "      <td>11</td>\n",
       "      <td>11</td>\n",
       "    </tr>\n",
       "    <tr>\n",
       "      <th>2</th>\n",
       "      <td>GP</td>\n",
       "      <td>F</td>\n",
       "      <td>15</td>\n",
       "      <td>U</td>\n",
       "      <td>LE3</td>\n",
       "      <td>T</td>\n",
       "      <td>1</td>\n",
       "      <td>1</td>\n",
       "      <td>at_home</td>\n",
       "      <td>other</td>\n",
       "      <td>...</td>\n",
       "      <td>4</td>\n",
       "      <td>3</td>\n",
       "      <td>2</td>\n",
       "      <td>2</td>\n",
       "      <td>3</td>\n",
       "      <td>3</td>\n",
       "      <td>6</td>\n",
       "      <td>12</td>\n",
       "      <td>13</td>\n",
       "      <td>12</td>\n",
       "    </tr>\n",
       "    <tr>\n",
       "      <th>3</th>\n",
       "      <td>GP</td>\n",
       "      <td>F</td>\n",
       "      <td>15</td>\n",
       "      <td>U</td>\n",
       "      <td>GT3</td>\n",
       "      <td>T</td>\n",
       "      <td>4</td>\n",
       "      <td>2</td>\n",
       "      <td>health</td>\n",
       "      <td>services</td>\n",
       "      <td>...</td>\n",
       "      <td>3</td>\n",
       "      <td>2</td>\n",
       "      <td>2</td>\n",
       "      <td>1</td>\n",
       "      <td>1</td>\n",
       "      <td>5</td>\n",
       "      <td>0</td>\n",
       "      <td>14</td>\n",
       "      <td>14</td>\n",
       "      <td>14</td>\n",
       "    </tr>\n",
       "    <tr>\n",
       "      <th>4</th>\n",
       "      <td>GP</td>\n",
       "      <td>F</td>\n",
       "      <td>16</td>\n",
       "      <td>U</td>\n",
       "      <td>GT3</td>\n",
       "      <td>T</td>\n",
       "      <td>3</td>\n",
       "      <td>3</td>\n",
       "      <td>other</td>\n",
       "      <td>other</td>\n",
       "      <td>...</td>\n",
       "      <td>4</td>\n",
       "      <td>3</td>\n",
       "      <td>2</td>\n",
       "      <td>1</td>\n",
       "      <td>2</td>\n",
       "      <td>5</td>\n",
       "      <td>0</td>\n",
       "      <td>11</td>\n",
       "      <td>13</td>\n",
       "      <td>13</td>\n",
       "    </tr>\n",
       "  </tbody>\n",
       "</table>\n",
       "<p>5 rows × 33 columns</p>\n",
       "</div>"
      ],
      "text/plain": [
       "  school sex  age address famsize Pstatus  Medu  Fedu     Mjob      Fjob  ...  \\\n",
       "0     GP   F   18       U     GT3       A     4     4  at_home   teacher  ...   \n",
       "1     GP   F   17       U     GT3       T     1     1  at_home     other  ...   \n",
       "2     GP   F   15       U     LE3       T     1     1  at_home     other  ...   \n",
       "3     GP   F   15       U     GT3       T     4     2   health  services  ...   \n",
       "4     GP   F   16       U     GT3       T     3     3    other     other  ...   \n",
       "\n",
       "  famrel freetime  goout  Dalc  Walc health absences  G1  G2  G3  \n",
       "0      4        3      4     1     1      3        4   0  11  11  \n",
       "1      5        3      3     1     1      3        2   9  11  11  \n",
       "2      4        3      2     2     3      3        6  12  13  12  \n",
       "3      3        2      2     1     1      5        0  14  14  14  \n",
       "4      4        3      2     1     2      5        0  11  13  13  \n",
       "\n",
       "[5 rows x 33 columns]"
      ]
     },
     "execution_count": 6,
     "metadata": {},
     "output_type": "execute_result"
    }
   ],
   "source": [
    "por_df.head()"
   ]
  },
  {
   "cell_type": "code",
   "execution_count": 7,
   "metadata": {},
   "outputs": [
    {
     "data": {
      "application/vnd.plotly.v1+json": {
       "config": {
        "plotlyServerURL": "https://plot.ly"
       },
       "data": [
        {
         "coloraxis": "coloraxis",
         "hovertemplate": "x: %{x}<br>y: %{y}<br>color: %{z}<extra></extra>",
         "name": "0",
         "type": "heatmap",
         "x": [
          "age",
          "Medu",
          "Fedu",
          "traveltime",
          "studytime",
          "failures",
          "famrel",
          "freetime",
          "goout",
          "Dalc",
          "Walc",
          "health",
          "absences",
          "G1",
          "G2",
          "G3"
         ],
         "xaxis": "x",
         "y": [
          "age",
          "Medu",
          "Fedu",
          "traveltime",
          "studytime",
          "failures",
          "famrel",
          "freetime",
          "goout",
          "Dalc",
          "Walc",
          "health",
          "absences",
          "G1",
          "G2",
          "G3"
         ],
         "yaxis": "y",
         "z": [
          [
           1,
           -0.10783182168328716,
           -0.12105049703353692,
           0.03449001957112496,
           -0.00841511473032031,
           0.3199679477700505,
           -0.02055945504034186,
           -0.0049102591888240555,
           0.11280462078676542,
           0.13476826838640507,
           0.08635734514165758,
           -0.008750117130007083,
           0.14999819003988463,
           -0.17432223952760745,
           -0.10711907881607756,
           -0.10650539063847742
          ],
          [
           -0.10783182168328716,
           1,
           0.6474766091364943,
           -0.2650790028065537,
           0.09700583290488131,
           -0.1722102872776206,
           0.024420573121111774,
           -0.01968629824280799,
           0.009536493875243078,
           -0.007018319051808879,
           -0.01976578577475952,
           0.004614055999030898,
           -0.008577494775545973,
           0.26047228956523216,
           0.2640352996954117,
           0.24015075657359514
          ],
          [
           -0.12105049703353692,
           0.6474766091364943,
           1,
           -0.20828797848977135,
           0.05039964766444922,
           -0.16591500535547477,
           0.020255884809253916,
           0.00684063104053267,
           0.027689742855497437,
           0.00006077489938230663,
           0.0384447002652423,
           0.044909788415312374,
           0.029858663975560848,
           0.21750065064752314,
           0.2251389296521708,
           0.21179967911445172
          ],
          [
           0.03449001957112496,
           -0.2650790028065537,
           -0.20828797848977135,
           1,
           -0.06315390424614713,
           0.0977297501284627,
           -0.009521184519664655,
           0.0009367341272307921,
           0.05745419566943001,
           0.09282428355692024,
           0.0570071779978884,
           -0.04826120642527855,
           -0.008149087354862151,
           -0.15411962111281535,
           -0.15448887058863833,
           -0.12717296675842094
          ],
          [
           -0.00841511473032031,
           0.09700583290488131,
           0.05039964766444922,
           -0.06315390424614713,
           1,
           -0.14744054515158297,
           -0.004127129214111947,
           -0.06882922218083942,
           -0.07544221085456851,
           -0.1375847394424694,
           -0.21492510452682612,
           -0.05643269351112612,
           -0.11838937011024397,
           0.26087538031319013,
           0.24049799907999114,
           0.24978868999886308
          ],
          [
           0.3199679477700505,
           -0.1722102872776206,
           -0.16591500535547477,
           0.0977297501284627,
           -0.14744054515158297,
           1,
           -0.06264516268418767,
           0.10899462179242314,
           0.04507777595307839,
           0.10594909220788187,
           0.0822662646923068,
           0.03558821278366823,
           0.12277883526082045,
           -0.384210476004419,
           -0.38578221523188205,
           -0.3933155480419926
          ],
          [
           -0.02055945504034186,
           0.024420573121111774,
           0.020255884809253916,
           -0.009521184519664655,
           -0.004127129214111947,
           -0.06264516268418767,
           1,
           0.12921567655885216,
           0.0897065691292657,
           -0.07576722502380892,
           -0.09351080600009955,
           0.10955921666418504,
           -0.08953365432972478,
           0.04879460349123026,
           0.08958778299759299,
           0.06336112772983056
          ],
          [
           -0.0049102591888240555,
           -0.01968629824280799,
           0.00684063104053267,
           0.0009367341272307921,
           -0.06882922218083942,
           0.10899462179242314,
           0.12921567655885216,
           1,
           0.34635178804693684,
           0.10990355938003123,
           0.1202438806988557,
           0.08452642601918957,
           -0.018716028242381316,
           -0.09449660588180091,
           -0.10667792651255599,
           -0.12270492583369787
          ],
          [
           0.11280462078676542,
           0.009536493875243078,
           0.027689742855497437,
           0.05745419566943001,
           -0.07544221085456851,
           0.04507777595307839,
           0.0897065691292657,
           0.34635178804693684,
           1,
           0.24512598855543796,
           0.3886797612064947,
           -0.015741131042270748,
           0.08537382666952785,
           -0.07405263312184847,
           -0.07946919397288821,
           -0.08764072272424253
          ],
          [
           0.13476826838640507,
           -0.007018319051808879,
           0.00006077489938230663,
           0.09282428355692024,
           -0.1375847394424694,
           0.10594909220788187,
           -0.07576722502380892,
           0.10990355938003123,
           0.24512598855543796,
           1,
           0.6165613820643421,
           0.0590674576756243,
           0.1729524910452464,
           -0.1951709341928914,
           -0.18947993515773712,
           -0.20471939724815696
          ],
          [
           0.08635734514165758,
           -0.01976578577475952,
           0.0384447002652423,
           0.0570071779978884,
           -0.21492510452682612,
           0.0822662646923068,
           -0.09351080600009955,
           0.1202438806988557,
           0.3886797612064947,
           0.6165613820643421,
           1,
           0.11498797166707762,
           0.1563729695217544,
           -0.15564948637866224,
           -0.1648521867672083,
           -0.17661887420966438
          ],
          [
           -0.008750117130007083,
           0.004614055999030898,
           0.044909788415312374,
           -0.04826120642527855,
           -0.05643269351112612,
           0.03558821278366823,
           0.10955921666418504,
           0.08452642601918957,
           -0.015741131042270748,
           0.0590674576756243,
           0.11498797166707762,
           1,
           -0.030234864488400796,
           -0.05164741507284648,
           -0.08217908362558927,
           -0.09885124139431796
          ],
          [
           0.14999819003988463,
           -0.008577494775545973,
           0.029858663975560848,
           -0.008149087354862151,
           -0.11838937011024397,
           0.12277883526082045,
           -0.08953365432972478,
           -0.018716028242381316,
           0.08537382666952785,
           0.1729524910452464,
           0.1563729695217544,
           -0.030234864488400796,
           1,
           -0.1471492417639847,
           -0.12474493347142752,
           -0.09137905643875593
          ],
          [
           -0.17432223952760745,
           0.26047228956523216,
           0.21750065064752314,
           -0.15411962111281535,
           0.26087538031319013,
           -0.384210476004419,
           0.04879460349123026,
           -0.09449660588180091,
           -0.07405263312184847,
           -0.1951709341928914,
           -0.15564948637866224,
           -0.05164741507284648,
           -0.1471492417639847,
           1,
           0.8649816303085825,
           0.8263871247890487
          ],
          [
           -0.10711907881607756,
           0.2640352996954117,
           0.2251389296521708,
           -0.15448887058863833,
           0.24049799907999114,
           -0.38578221523188205,
           0.08958778299759299,
           -0.10667792651255599,
           -0.07946919397288821,
           -0.18947993515773712,
           -0.1648521867672083,
           -0.08217908362558927,
           -0.12474493347142752,
           0.8649816303085825,
           1,
           0.9185480035603523
          ],
          [
           -0.10650539063847742,
           0.24015075657359514,
           0.21179967911445172,
           -0.12717296675842094,
           0.24978868999886308,
           -0.3933155480419926,
           0.06336112772983056,
           -0.12270492583369787,
           -0.08764072272424253,
           -0.20471939724815696,
           -0.17661887420966438,
           -0.09885124139431796,
           -0.09137905643875593,
           0.8263871247890487,
           0.9185480035603523,
           1
          ]
         ]
        }
       ],
       "layout": {
        "coloraxis": {
         "colorscale": [
          [
           0,
           "#0d0887"
          ],
          [
           0.1111111111111111,
           "#46039f"
          ],
          [
           0.2222222222222222,
           "#7201a8"
          ],
          [
           0.3333333333333333,
           "#9c179e"
          ],
          [
           0.4444444444444444,
           "#bd3786"
          ],
          [
           0.5555555555555556,
           "#d8576b"
          ],
          [
           0.6666666666666666,
           "#ed7953"
          ],
          [
           0.7777777777777778,
           "#fb9f3a"
          ],
          [
           0.8888888888888888,
           "#fdca26"
          ],
          [
           1,
           "#f0f921"
          ]
         ]
        },
        "margin": {
         "t": 60
        },
        "template": {
         "data": {
          "bar": [
           {
            "error_x": {
             "color": "#2a3f5f"
            },
            "error_y": {
             "color": "#2a3f5f"
            },
            "marker": {
             "line": {
              "color": "#E5ECF6",
              "width": 0.5
             },
             "pattern": {
              "fillmode": "overlay",
              "size": 10,
              "solidity": 0.2
             }
            },
            "type": "bar"
           }
          ],
          "barpolar": [
           {
            "marker": {
             "line": {
              "color": "#E5ECF6",
              "width": 0.5
             },
             "pattern": {
              "fillmode": "overlay",
              "size": 10,
              "solidity": 0.2
             }
            },
            "type": "barpolar"
           }
          ],
          "carpet": [
           {
            "aaxis": {
             "endlinecolor": "#2a3f5f",
             "gridcolor": "white",
             "linecolor": "white",
             "minorgridcolor": "white",
             "startlinecolor": "#2a3f5f"
            },
            "baxis": {
             "endlinecolor": "#2a3f5f",
             "gridcolor": "white",
             "linecolor": "white",
             "minorgridcolor": "white",
             "startlinecolor": "#2a3f5f"
            },
            "type": "carpet"
           }
          ],
          "choropleth": [
           {
            "colorbar": {
             "outlinewidth": 0,
             "ticks": ""
            },
            "type": "choropleth"
           }
          ],
          "contour": [
           {
            "colorbar": {
             "outlinewidth": 0,
             "ticks": ""
            },
            "colorscale": [
             [
              0,
              "#0d0887"
             ],
             [
              0.1111111111111111,
              "#46039f"
             ],
             [
              0.2222222222222222,
              "#7201a8"
             ],
             [
              0.3333333333333333,
              "#9c179e"
             ],
             [
              0.4444444444444444,
              "#bd3786"
             ],
             [
              0.5555555555555556,
              "#d8576b"
             ],
             [
              0.6666666666666666,
              "#ed7953"
             ],
             [
              0.7777777777777778,
              "#fb9f3a"
             ],
             [
              0.8888888888888888,
              "#fdca26"
             ],
             [
              1,
              "#f0f921"
             ]
            ],
            "type": "contour"
           }
          ],
          "contourcarpet": [
           {
            "colorbar": {
             "outlinewidth": 0,
             "ticks": ""
            },
            "type": "contourcarpet"
           }
          ],
          "heatmap": [
           {
            "colorbar": {
             "outlinewidth": 0,
             "ticks": ""
            },
            "colorscale": [
             [
              0,
              "#0d0887"
             ],
             [
              0.1111111111111111,
              "#46039f"
             ],
             [
              0.2222222222222222,
              "#7201a8"
             ],
             [
              0.3333333333333333,
              "#9c179e"
             ],
             [
              0.4444444444444444,
              "#bd3786"
             ],
             [
              0.5555555555555556,
              "#d8576b"
             ],
             [
              0.6666666666666666,
              "#ed7953"
             ],
             [
              0.7777777777777778,
              "#fb9f3a"
             ],
             [
              0.8888888888888888,
              "#fdca26"
             ],
             [
              1,
              "#f0f921"
             ]
            ],
            "type": "heatmap"
           }
          ],
          "heatmapgl": [
           {
            "colorbar": {
             "outlinewidth": 0,
             "ticks": ""
            },
            "colorscale": [
             [
              0,
              "#0d0887"
             ],
             [
              0.1111111111111111,
              "#46039f"
             ],
             [
              0.2222222222222222,
              "#7201a8"
             ],
             [
              0.3333333333333333,
              "#9c179e"
             ],
             [
              0.4444444444444444,
              "#bd3786"
             ],
             [
              0.5555555555555556,
              "#d8576b"
             ],
             [
              0.6666666666666666,
              "#ed7953"
             ],
             [
              0.7777777777777778,
              "#fb9f3a"
             ],
             [
              0.8888888888888888,
              "#fdca26"
             ],
             [
              1,
              "#f0f921"
             ]
            ],
            "type": "heatmapgl"
           }
          ],
          "histogram": [
           {
            "marker": {
             "pattern": {
              "fillmode": "overlay",
              "size": 10,
              "solidity": 0.2
             }
            },
            "type": "histogram"
           }
          ],
          "histogram2d": [
           {
            "colorbar": {
             "outlinewidth": 0,
             "ticks": ""
            },
            "colorscale": [
             [
              0,
              "#0d0887"
             ],
             [
              0.1111111111111111,
              "#46039f"
             ],
             [
              0.2222222222222222,
              "#7201a8"
             ],
             [
              0.3333333333333333,
              "#9c179e"
             ],
             [
              0.4444444444444444,
              "#bd3786"
             ],
             [
              0.5555555555555556,
              "#d8576b"
             ],
             [
              0.6666666666666666,
              "#ed7953"
             ],
             [
              0.7777777777777778,
              "#fb9f3a"
             ],
             [
              0.8888888888888888,
              "#fdca26"
             ],
             [
              1,
              "#f0f921"
             ]
            ],
            "type": "histogram2d"
           }
          ],
          "histogram2dcontour": [
           {
            "colorbar": {
             "outlinewidth": 0,
             "ticks": ""
            },
            "colorscale": [
             [
              0,
              "#0d0887"
             ],
             [
              0.1111111111111111,
              "#46039f"
             ],
             [
              0.2222222222222222,
              "#7201a8"
             ],
             [
              0.3333333333333333,
              "#9c179e"
             ],
             [
              0.4444444444444444,
              "#bd3786"
             ],
             [
              0.5555555555555556,
              "#d8576b"
             ],
             [
              0.6666666666666666,
              "#ed7953"
             ],
             [
              0.7777777777777778,
              "#fb9f3a"
             ],
             [
              0.8888888888888888,
              "#fdca26"
             ],
             [
              1,
              "#f0f921"
             ]
            ],
            "type": "histogram2dcontour"
           }
          ],
          "mesh3d": [
           {
            "colorbar": {
             "outlinewidth": 0,
             "ticks": ""
            },
            "type": "mesh3d"
           }
          ],
          "parcoords": [
           {
            "line": {
             "colorbar": {
              "outlinewidth": 0,
              "ticks": ""
             }
            },
            "type": "parcoords"
           }
          ],
